AR = Artificial.Reality

AR.AvogadroNumber = 6.02214076e23
AR.BoltzmanConstant = 1.380649e-23 # J / K
AR.PlanckConstant = 6.62607015e-34 # J⋅s
AR.SpeedOfLight = 299792458 # m / s
AR.StefanBoltzmanConstant =  5.670374419e-8 # W / m²⋅K⁴
